      S          PHI         IOTA        SHEAR        VP         WELL        ITOR       ITOR'       PRES       PRES'
------------------------------------------------------------------------------------------------------------------------
  1.0000E-02  1.7279E-04  4.1621E-01  2.1830E-01  1.3158E+00 -2.3805E-02 -6.1257E-18 -1.0304E-13  0.0000E+00  0.0000E+00
  2.0000E-02  3.4558E-04  4.1627E-01  3.0977E-01  1.3158E+00 -2.3892E-02 -4.9495E-18  1.1339E-13  0.0000E+00  0.0000E+00
  3.0000E-02  5.1836E-04  4.1634E-01  3.2951E-01  1.3158E+00 -2.3950E-02  2.1820E-18 -5.0656E-14  0.0000E+00  0.0000E+00
  4.0000E-02  6.9115E-04  4.1642E-01  3.4723E-01  1.3158E+00 -2.4082E-02 -5.6520E-18 -1.8258E-14  0.0000E+00  0.0000E+00
  5.0000E-02  8.6394E-04  4.1650E-01  3.6098E-01  1.3158E+00 -2.4160E-02 -2.8101E-18  4.3258E-14  0.0000E+00  0.0000E+00
  6.0000E-02  1.0367E-03  4.1659E-01  3.7495E-01  1.3158E+00 -2.4340E-02 -8.1002E-18 -8.9793E-14  0.0000E+00  0.0000E+00
  7.0000E-02  1.2095E-03  4.1667E-01  3.8717E-01  1.3158E+00 -2.4436E-02  7.6851E-18  2.2865E-13  0.0000E+00  0.0000E+00
  8.0000E-02  1.3823E-03  4.1676E-01  3.9940E-01  1.3158E+00 -2.4624E-02  1.5179E-17 -1.6273E-13  0.0000E+00  0.0000E+00
  9.0000E-02  1.5551E-03  4.1685E-01  4.1044E-01  1.3158E+00 -2.4750E-02  8.7708E-18  1.0637E-13  0.0000E+00  0.0000E+00
  1.0000E-01  1.7279E-03  4.1695E-01  4.2136E-01  1.3159E+00 -2.4938E-02  5.8756E-18 -1.3183E-13  0.0000E+00  0.0000E+00
  1.1000E-01  1.9007E-03  4.1705E-01  4.3121E-01  1.3159E+00 -2.5094E-02 -8.5792E-18  4.6815E-15  0.0000E+00  0.0000E+00
  1.2000E-01  2.0735E-03  4.1714E-01  4.4094E-01  1.3159E+00 -2.5274E-02 -1.2347E-17 -3.7827E-14  0.0000E+00  0.0000E+00
  1.3000E-01  2.2462E-03  4.1725E-01  4.4964E-01  1.3159E+00 -2.5458E-02  2.5950E-17  3.7471E-13  0.0000E+00  0.0000E+00
  1.4000E-01  2.4190E-03  4.1735E-01  4.5825E-01  1.3159E+00 -2.5622E-02  5.2284E-17 -1.4307E-13  0.0000E+00  0.0000E+00
  1.5000E-01  2.5918E-03  4.1745E-01  4.6577E-01  1.3159E+00 -2.5824E-02  1.1602E-17 -2.1479E-13  0.0000E+00  0.0000E+00
  1.6000E-01  2.7646E-03  4.1756E-01  4.7320E-01  1.3159E+00 -2.5966E-02  1.2603E-17  2.2359E-13  0.0000E+00  0.0000E+00
  1.7000E-01  2.9374E-03  4.1767E-01  4.7951E-01  1.3159E+00 -2.6181E-02 -1.7520E-17 -4.8856E-13  0.0000E+00  0.0000E+00
  1.8000E-01  3.1102E-03  4.1778E-01  4.8580E-01  1.3159E+00 -2.6303E-02 -5.5924E-17  1.5074E-13  0.0000E+00  0.0000E+00
  1.9000E-01  3.2830E-03  4.1789E-01  4.9094E-01  1.3159E+00 -2.6518E-02 -3.9170E-17 -3.3706E-15  0.0000E+00  0.0000E+00
  2.0000E-01  3.4558E-03  4.1800E-01  4.9616E-01  1.3159E+00 -2.6628E-02 -2.0075E-17  1.7134E-13  0.0000E+00  0.0000E+00
  2.1000E-01  3.6285E-03  4.1812E-01  5.0025E-01  1.3159E+00 -2.6833E-02 -5.3646E-18 -4.1945E-14  0.0000E+00  0.0000E+00
  2.2000E-01  3.8013E-03  4.1823E-01  5.0453E-01  1.3159E+00 -2.6934E-02  1.9649E-17  2.6197E-13  0.0000E+00  0.0000E+00
  2.3000E-01  3.9741E-03  4.1834E-01  5.0768E-01  1.3159E+00 -2.7123E-02  1.1560E-17 -3.3312E-13  0.0000E+00  0.0000E+00
  2.4000E-01  4.1469E-03  4.1846E-01  5.1117E-01  1.3159E+00 -2.7220E-02  8.0895E-19  2.3856E-13  0.0000E+00  0.0000E+00
  2.5000E-01  4.3197E-03  4.1858E-01  5.1356E-01  1.3159E+00 -2.7387E-02  1.0218E-17 -1.5579E-13  0.0000E+00  0.0000E+00
  2.6000E-01  4.4925E-03  4.1869E-01  5.1636E-01  1.3159E+00 -2.7490E-02 -2.9293E-17 -1.9175E-13  0.0000E+00  0.0000E+00
  2.7000E-01  4.6653E-03  4.1881E-01  5.1817E-01  1.3159E+00 -2.7626E-02 -2.8228E-17  2.0111E-13  0.0000E+00  0.0000E+00
  2.8000E-01  4.8381E-03  4.1893E-01  5.2038E-01  1.3159E+00 -2.7735E-02 -2.6270E-17 -1.8388E-13  0.0000E+00  0.0000E+00
  2.9000E-01  5.0108E-03  4.1905E-01  5.2173E-01  1.3159E+00 -2.7845E-02 -5.2923E-17 -5.0557E-14  0.0000E+00  0.0000E+00
  3.0000E-01  5.1836E-03  4.1917E-01  5.2346E-01  1.3159E+00 -2.7955E-02 -1.3752E-17  3.9510E-13  0.0000E+00  0.0000E+00
  3.1000E-01  5.3564E-03  4.1929E-01  5.2448E-01  1.3160E+00 -2.8049E-02  8.8559E-18 -1.9624E-13  0.0000E+00  0.0000E+00
  3.2000E-01  5.5292E-03  4.1941E-01  5.2581E-01  1.3160E+00 -2.8155E-02 -3.2699E-17 -1.6927E-13  0.0000E+00  0.0000E+00
  3.3000E-01  5.7020E-03  4.1953E-01  5.2658E-01  1.3160E+00 -2.8238E-02 -5.2241E-17 -2.6215E-15  0.0000E+00  0.0000E+00
  3.4000E-01  5.8748E-03  4.1965E-01  5.2758E-01  1.3160E+00 -2.8335E-02 -2.8867E-17  2.0822E-13  0.0000E+00  0.0000E+00
  3.5000E-01  6.0476E-03  4.1977E-01  5.2813E-01  1.3160E+00 -2.8410E-02 -2.7802E-17 -1.9885E-13  0.0000E+00  0.0000E+00
  3.6000E-01  6.2204E-03  4.1989E-01  5.2887E-01  1.3160E+00 -2.8496E-02 -4.9431E-17  8.6133E-15  0.0000E+00  0.0000E+00
  3.7000E-01  6.3931E-03  4.2001E-01  5.2927E-01  1.3160E+00 -2.8569E-02 -2.4354E-17  2.1196E-13  0.0000E+00  0.0000E+00
  3.8000E-01  6.5659E-03  4.2013E-01  5.2981E-01  1.3160E+00 -2.8643E-02 -2.8058E-17 -2.4454E-13  0.0000E+00  0.0000E+00
  3.9000E-01  6.7387E-03  4.2025E-01  5.3011E-01  1.3160E+00 -2.8717E-02 -4.7771E-17  7.1152E-14  0.0000E+00  0.0000E+00
  4.0000E-01  6.9115E-03  4.2037E-01  5.3046E-01  1.3160E+00 -2.8778E-02  1.0644E-18  3.5838E-13  0.0000E+00  0.0000E+00
  4.1000E-01  7.0843E-03  4.2049E-01  5.3066E-01  1.3160E+00 -2.8853E-02 -6.2162E-18 -4.2242E-13  0.0000E+00  0.0000E+00
  4.2000E-01  7.2571E-03  4.2061E-01  5.3085E-01  1.3160E+00 -2.8898E-02 -5.2071E-17  1.9099E-14  0.0000E+00  0.0000E+00
  4.3000E-01  7.4299E-03  4.2073E-01  5.3102E-01  1.3160E+00 -2.8978E-02  1.8308E-17  5.9992E-13  0.0000E+00  0.0000E+00
  4.4000E-01  7.6027E-03  4.2085E-01  5.3108E-01  1.3160E+00 -2.9009E-02  5.4498E-17 -2.8161E-13  0.0000E+00  0.0000E+00
  4.5000E-01  7.7754E-03  4.2097E-01  5.3123E-01  1.3160E+00 -2.9095E-02 -1.2390E-17 -3.0670E-13  0.0000E+00  0.0000E+00
  4.6000E-01  7.9482E-03  4.2109E-01  5.3118E-01  1.3160E+00 -2.9112E-02 -3.9894E-17  6.4784E-14  0.0000E+00  0.0000E+00
  4.7000E-01  8.1210E-03  4.2121E-01  5.3129E-01  1.3160E+00 -2.9203E-02 -2.6483E-17  5.3175E-14  0.0000E+00  0.0000E+00
  4.8000E-01  8.2938E-03  4.2133E-01  5.3113E-01  1.3160E+00 -2.9205E-02 -2.8101E-17 -6.7405E-14  0.0000E+00  0.0000E+00
  4.9000E-01  8.4666E-03  4.2145E-01  5.3124E-01  1.3160E+00 -2.9302E-02 -3.0740E-17  4.4188E-14  0.0000E+00  0.0000E+00
  5.0000E-01  8.6394E-03  4.2157E-01  5.3099E-01  1.3160E+00 -2.9290E-02 -2.1288E-19  2.2431E-13  0.0000E+00  0.0000E+00
  5.1000E-01  8.8122E-03  4.2170E-01  5.3112E-01  1.3160E+00 -2.9390E-02 -2.3417E-18 -2.4303E-13  0.0000E+00  0.0000E+00
  5.2000E-01  8.9850E-03  4.2182E-01  5.3086E-01  1.3161E+00 -2.9378E-02 -3.4189E-17 -3.7072E-14  0.0000E+00  0.0000E+00
  5.3000E-01  9.1577E-03  4.2194E-01  5.3097E-01  1.3161E+00 -2.9467E-02 -4.1810E-17 -2.9957E-14  0.0000E+00  0.0000E+00
  5.4000E-01  9.3305E-03  4.2206E-01  5.3068E-01  1.3161E+00 -2.9461E-02  3.2401E-17  6.8265E-13  0.0000E+00  0.0000E+00
  5.5000E-01  9.5033E-03  4.2218E-01  5.3074E-01  1.3161E+00 -2.9537E-02  5.0155E-17 -5.2649E-13  0.0000E+00  0.0000E+00
  5.6000E-01  9.6761E-03  4.2230E-01  5.3042E-01  1.3161E+00 -2.9536E-02 -2.4141E-17 -1.2694E-13  0.0000E+00  0.0000E+00
  5.7000E-01  9.8489E-03  4.2242E-01  5.3045E-01  1.3161E+00 -2.9601E-02 -5.4668E-17 -1.4155E-13  0.0000E+00  0.0000E+00
  5.8000E-01  1.0022E-02  4.2254E-01  5.3016E-01  1.3161E+00 -2.9610E-02 -5.8670E-17  1.0635E-13  0.0000E+00  0.0000E+00
  5.9000E-01  1.0194E-02  4.2266E-01  5.3016E-01  1.3161E+00 -2.9663E-02  4.5557E-18  4.4972E-13  0.0000E+00  0.0000E+00
  6.0000E-01  1.0367E-02  4.2278E-01  5.2988E-01  1.3161E+00 -2.9680E-02  1.6775E-17 -3.4225E-13  0.0000E+00  0.0000E+00
  6.1000E-01  1.0540E-02  4.2290E-01  5.2982E-01  1.3161E+00 -2.9721E-02 -1.2560E-17  8.4252E-14  0.0000E+00  0.0000E+00
  6.2000E-01  1.0713E-02  4.2302E-01  5.2951E-01  1.3161E+00 -2.9744E-02 -3.1251E-17 -2.4864E-13  0.0000E+00  0.0000E+00
  6.3000E-01  1.0886E-02  4.2314E-01  5.2939E-01  1.3161E+00 -2.9772E-02 -6.5312E-17 -5.0925E-14  0.0000E+00  0.0000E+00
  6.4000E-01  1.1058E-02  4.2326E-01  5.2912E-01  1.3161E+00 -2.9805E-02  1.9159E-18  6.4218E-13  0.0000E+00  0.0000E+00
  6.5000E-01  1.1231E-02  4.2338E-01  5.2900E-01  1.3161E+00 -2.9822E-02  2.9591E-17 -3.9879E-13  0.0000E+00  0.0000E+00
  6.6000E-01  1.1404E-02  4.2350E-01  5.2880E-01  1.3161E+00 -2.9866E-02  1.9202E-17  3.0742E-13  0.0000E+00  0.0000E+00
  6.7000E-01  1.1577E-02  4.2362E-01  5.2863E-01  1.3161E+00 -2.9869E-02  8.7282E-18 -3.9953E-13  0.0000E+00  0.0000E+00
  6.8000E-01  1.1750E-02  4.2374E-01  5.2841E-01  1.3161E+00 -2.9918E-02 -6.2800E-17 -2.2953E-13  0.0000E+00  0.0000E+00
  6.9000E-01  1.1922E-02  4.2386E-01  5.2817E-01  1.3161E+00 -2.9907E-02  3.0655E-18  8.0880E-13  0.0000E+00  0.0000E+00
  7.0000E-01  1.2095E-02  4.2398E-01  5.2799E-01  1.3161E+00 -2.9968E-02 -1.0048E-17 -9.2412E-13  0.0000E+00  0.0000E+00
  7.1000E-01  1.2268E-02  4.2410E-01  5.2774E-01  1.3162E+00 -2.9946E-02  8.8133E-18  1.0900E-12  0.0000E+00  0.0000E+00
  7.2000E-01  1.2441E-02  4.2422E-01  5.2764E-01  1.3162E+00 -3.0019E-02  6.4801E-17 -5.9760E-13  0.0000E+00  0.0000E+00
  7.3000E-01  1.2613E-02  4.2434E-01  5.2737E-01  1.3162E+00 -2.9985E-02 -7.5020E-17 -6.3205E-13  0.0000E+00  0.0000E+00
  7.4000E-01  1.2786E-02  4.2446E-01  5.2723E-01  1.3162E+00 -3.0064E-02 -3.7425E-17  9.6267E-13  0.0000E+00  0.0000E+00
  7.5000E-01  1.2959E-02  4.2458E-01  5.2684E-01  1.3162E+00 -3.0016E-02  1.0218E-17 -5.4368E-13  0.0000E+00  0.0000E+00
  7.6000E-01  1.3132E-02  4.2470E-01  5.2671E-01  1.3162E+00 -3.0099E-02 -2.8654E-17  2.0182E-13  0.0000E+00  0.0000E+00
  7.7000E-01  1.3305E-02  4.2482E-01  5.2636E-01  1.3162E+00 -3.0052E-02 -6.2460E-17 -4.9912E-13  0.0000E+00  0.0000E+00
  7.8000E-01  1.3477E-02  4.2494E-01  5.2625E-01  1.3162E+00 -3.0129E-02  2.0139E-17  1.2255E-12  0.0000E+00  0.0000E+00
  7.9000E-01  1.3650E-02  4.2506E-01  5.2594E-01  1.3162E+00 -3.0093E-02  7.6936E-17 -7.2601E-13  0.0000E+00  0.0000E+00
  8.0000E-01  1.3823E-02  4.2518E-01  5.2581E-01  1.3162E+00 -3.0155E-02  3.2869E-17  3.3848E-13  0.0000E+00  0.0000E+00
  8.1000E-01  1.3996E-02  4.2530E-01  5.2550E-01  1.3162E+00 -3.0126E-02  2.6185E-17 -3.9726E-13  0.0000E+00  0.0000E+00
  8.2000E-01  1.4169E-02  4.2542E-01  5.2530E-01  1.3162E+00 -3.0175E-02  4.7260E-17  5.8260E-13  0.0000E+00  0.0000E+00
  8.3000E-01  1.4341E-02  4.2554E-01  5.2493E-01  1.3162E+00 -3.0157E-02  1.3710E-16  2.0743E-13  0.0000E+00  0.0000E+00
  8.4000E-01  1.4514E-02  4.2566E-01  5.2462E-01  1.3162E+00 -3.0198E-02  5.7095E-17 -9.1096E-13  0.0000E+00  0.0000E+00
  8.5000E-01  1.4687E-02  4.2578E-01  5.2422E-01  1.3162E+00 -3.0195E-02 -2.0862E-17  2.2540E-13  0.0000E+00  0.0000E+00
  8.6000E-01  1.4860E-02  4.2590E-01  5.2398E-01  1.3162E+00 -3.0222E-02 -5.6882E-17 -5.4216E-13  0.0000E+00  0.0000E+00
  8.7000E-01  1.5033E-02  4.2602E-01  5.2383E-01  1.3162E+00 -3.0226E-02 -5.6371E-17  5.4665E-13  0.0000E+00  0.0000E+00
  8.8000E-01  1.5205E-02  4.2614E-01  5.2381E-01  1.3162E+00 -3.0230E-02  3.9341E-17  2.9504E-13  0.0000E+00  0.0000E+00
  8.9000E-01  1.5378E-02  4.2626E-01  5.2380E-01  1.3162E+00 -3.0243E-02  5.6201E-17 -1.4677E-13  0.0000E+00  0.0000E+00
  9.0000E-01  1.5551E-02  4.2638E-01  5.2345E-01  1.3163E+00 -3.0252E-02  6.2758E-17  2.0443E-13  0.0000E+00  0.0000E+00
  9.1000E-01  1.5724E-02  4.2649E-01  5.2266E-01  1.3163E+00 -3.0309E-02  4.3343E-17 -3.7516E-13  0.0000E+00  0.0000E+00
  9.2000E-01  1.5896E-02  4.2661E-01  5.2154E-01  1.3163E+00 -3.0328E-02 -1.7882E-17 -1.6324E-13  0.0000E+00  0.0000E+00
  9.3000E-01  1.6069E-02  4.2673E-01  5.2042E-01  1.3163E+00 -3.0411E-02 -4.9644E-17 -1.1607E-13  0.0000E+00  0.0000E+00
  9.4000E-01  1.6242E-02  4.2685E-01  5.1989E-01  1.3163E+00 -3.0354E-02 -1.5983E-16 -8.5290E-13  0.0000E+00  0.0000E+00
  9.5000E-01  1.6415E-02  4.2697E-01  5.2103E-01  1.3163E+00 -3.0332E-02 -2.0735E-16  4.3506E-13  0.0000E+00  0.0000E+00
  9.6000E-01  1.6588E-02  4.2709E-01  5.2238E-01  1.3163E+00 -3.0150E-02 -1.0499E-16  4.6501E-13  0.0000E+00  0.0000E+00
  9.7000E-01  1.6760E-02  4.2721E-01  5.2445E-01  1.3163E+00 -3.0048E-02 -6.4716E-17 -1.1082E-13  0.0000E+00  0.0000E+00
  9.8000E-01  1.6933E-02  4.2733E-01  5.2606E-01  1.3163E+00 -2.9993E-02 -1.7712E-17  5.2416E-13  0.0000E+00  0.0000E+00
  9.9000E-01  1.7106E-02  4.2745E-01  5.2580E-01  1.3163E+00 -3.0033E-02  3.1166E-17 -9.4348E-14  0.0000E+00  0.0000E+00

      S        DMerc        DShear       DCurr       DWell       Dgeod
----------------------------------------------------------------------------------------------------
  1.0000E-02 -2.5937E+08  2.0626E-02 -1.9790E+01  0.0000E+00 -2.5937E+08
  2.0000E-02 -1.3806E+06  4.1534E-02 -3.0563E+00  0.0000E+00 -1.3806E+06
  3.0000E-02 -7.5723E+04  4.6999E-02 -9.8732E-01  0.0000E+00 -7.5722E+04
  4.0000E-02 -9.8662E+03  5.2188E-02 -4.6121E-01  0.0000E+00 -9.8658E+03
  5.0000E-02 -2.0415E+03  5.6404E-02 -2.5459E-01  0.0000E+00 -2.0413E+03
  6.0000E-02 -5.6390E+02  6.0855E-02 -1.5458E-01  0.0000E+00 -5.6380E+02
  7.0000E-02 -1.9010E+02  6.4887E-02 -9.5339E-02  0.0000E+00 -1.9007E+02
  8.0000E-02 -7.4053E+01  6.9049E-02 -5.7847E-02  0.0000E+00 -7.4064E+01
  9.0000E-02 -3.2283E+01  7.2920E-02 -3.0276E-02  0.0000E+00 -3.2325E+01
  1.0000E-01 -1.5378E+01  7.6852E-02 -1.0553E-02  0.0000E+00 -1.5444E+01
  1.1000E-01 -7.8901E+00  8.0488E-02  5.9583E-03  0.0000E+00 -7.9766E+00
  1.2000E-01 -4.3081E+00  8.4164E-02  1.8263E-02  0.0000E+00 -4.4105E+00
  1.3000E-01 -2.4808E+00  8.7519E-02  2.9428E-02  0.0000E+00 -2.5978E+00
  1.4000E-01 -1.4955E+00  9.0900E-02  3.7706E-02  0.0000E+00 -1.6241E+00
  1.5000E-01 -9.3569E-01  9.3910E-02  4.5690E-02  0.0000E+00 -1.0753E+00
  1.6000E-01 -6.0322E-01  9.6932E-02  5.1452E-02  0.0000E+00 -7.5161E-01
  1.7000E-01 -3.9634E-01  9.9534E-02  5.7289E-02  0.0000E+00 -5.5316E-01
  1.8000E-01 -2.6228E-01  1.0216E-01  6.1321E-02  0.0000E+00 -4.2576E-01
  1.9000E-01 -1.7175E-01  1.0434E-01  6.5579E-02  0.0000E+00 -3.4167E-01
  2.0000E-01 -1.0780E-01  1.0657E-01  6.8351E-02  0.0000E+00 -2.8272E-01
  2.1000E-01 -6.1476E-02  1.0833E-01  7.1382E-02  0.0000E+00 -2.4119E-01
  2.2000E-01 -2.5914E-02  1.1019E-01  7.3220E-02  0.0000E+00 -2.0933E-01
  2.3000E-01  1.1094E-03  1.1158E-01  7.5258E-02  0.0000E+00 -1.8573E-01
  2.4000E-01  2.3400E-02  1.1312E-01  7.6367E-02  0.0000E+00 -1.6608E-01
  2.5000E-01  4.0775E-02  1.1418E-01  7.7623E-02  0.0000E+00 -1.5102E-01
  2.6000E-01  5.5860E-02  1.1543E-01  7.8112E-02  0.0000E+00 -1.3768E-01
  2.7000E-01  6.8050E-02  1.1624E-01  7.8816E-02  0.0000E+00 -1.2701E-01
  2.8000E-01  7.8742E-02  1.1723E-01  7.8808E-02  0.0000E+00 -1.1730E-01
  2.9000E-01  8.7780E-02  1.1785E-01  7.9115E-02  0.0000E+00 -1.0918E-01
  3.0000E-01  9.5622E-02  1.1863E-01  7.8718E-02  0.0000E+00 -1.0172E-01
  3.1000E-01  1.0251E-01  1.1909E-01  7.8725E-02  0.0000E+00 -9.5308E-02
  3.2000E-01  1.0830E-01  1.1970E-01  7.8014E-02  0.0000E+00 -8.9414E-02
  3.3000E-01  1.1370E-01  1.2005E-01  7.7830E-02  0.0000E+00 -8.4175E-02
  3.4000E-01  1.1806E-01  1.2051E-01  7.6917E-02  0.0000E+00 -7.9361E-02
  3.5000E-01  1.2242E-01  1.2076E-01  7.6605E-02  0.0000E+00 -7.4939E-02
  3.6000E-01  1.2574E-01  1.2110E-01  7.5556E-02  0.0000E+00 -7.0910E-02
  3.7000E-01  1.2926E-01  1.2128E-01  7.5149E-02  0.0000E+00 -6.7172E-02
  3.8000E-01  1.3173E-01  1.2153E-01  7.3998E-02  0.0000E+00 -6.3795E-02
  3.9000E-01  1.3459E-01  1.2167E-01  7.3534E-02  0.0000E+00 -6.0607E-02
  4.0000E-01  1.3644E-01  1.2183E-01  7.2344E-02  0.0000E+00 -5.7736E-02
  4.1000E-01  1.3881E-01  1.2192E-01  7.1848E-02  0.0000E+00 -5.4958E-02
  4.2000E-01  1.4021E-01  1.2201E-01  7.0654E-02  0.0000E+00 -5.2459E-02
  4.3000E-01  1.4217E-01  1.2209E-01  7.0139E-02  0.0000E+00 -5.0055E-02
  4.4000E-01  1.4315E-01  1.2212E-01  6.8942E-02  0.0000E+00 -4.7909E-02
  4.5000E-01  1.4476E-01  1.2219E-01  6.8410E-02  0.0000E+00 -4.5839E-02
  4.6000E-01  1.4541E-01  1.2217E-01  6.7242E-02  0.0000E+00 -4.3997E-02
  4.7000E-01  1.4675E-01  1.2222E-01  6.6716E-02  0.0000E+00 -4.2188E-02
  4.8000E-01  1.4719E-01  1.2215E-01  6.5597E-02  0.0000E+00 -4.0554E-02
  4.9000E-01  1.4832E-01  1.2220E-01  6.5090E-02  0.0000E+00 -3.8968E-02
  5.0000E-01  1.4855E-01  1.2208E-01  6.4004E-02  0.0000E+00 -3.7541E-02
  5.1000E-01  1.4945E-01  1.2214E-01  6.3479E-02  0.0000E+00 -3.6171E-02
  5.2000E-01  1.4951E-01  1.2203E-01  6.2416E-02  0.0000E+00 -3.4932E-02
  5.3000E-01  1.5020E-01  1.2207E-01  6.1882E-02  0.0000E+00 -3.3756E-02
  5.4000E-01  1.5018E-01  1.2195E-01  6.0893E-02  0.0000E+00 -3.2657E-02
  5.5000E-01  1.5073E-01  1.2197E-01  6.0376E-02  0.0000E+00 -3.1615E-02
  5.6000E-01  1.5065E-01  1.2183E-01  5.9453E-02  0.0000E+00 -3.0628E-02
  5.7000E-01  1.5106E-01  1.2184E-01  5.8940E-02  0.0000E+00 -2.9723E-02
  5.8000E-01  1.5087E-01  1.2171E-01  5.8049E-02  0.0000E+00 -2.8881E-02
  5.9000E-01  1.5114E-01  1.2171E-01  5.7526E-02  0.0000E+00 -2.8101E-02
  6.0000E-01  1.5088E-01  1.2158E-01  5.6685E-02  0.0000E+00 -2.7384E-02
  6.1000E-01  1.5107E-01  1.2156E-01  5.6199E-02  0.0000E+00 -2.6687E-02
  6.2000E-01  1.5080E-01  1.2141E-01  5.5427E-02  0.0000E+00 -2.6038E-02
  6.3000E-01  1.5092E-01  1.2136E-01  5.4967E-02  0.0000E+00 -2.5413E-02
  6.4000E-01  1.5058E-01  1.2124E-01  5.4214E-02  0.0000E+00 -2.4870E-02
  6.5000E-01  1.5060E-01  1.2118E-01  5.3722E-02  0.0000E+00 -2.4311E-02
  6.6000E-01  1.5021E-01  1.2109E-01  5.2977E-02  0.0000E+00 -2.3856E-02
  6.7000E-01  1.5017E-01  1.2102E-01  5.2496E-02  0.0000E+00 -2.3348E-02
  6.8000E-01  1.4980E-01  1.2092E-01  5.1823E-02  0.0000E+00 -2.2939E-02
  6.9000E-01  1.4972E-01  1.2081E-01  5.1374E-02  0.0000E+00 -2.2456E-02
  7.0000E-01  1.4933E-01  1.2072E-01  5.0729E-02  0.0000E+00 -2.2127E-02
  7.1000E-01  1.4918E-01  1.2061E-01  5.0229E-02  0.0000E+00 -2.1666E-02
  7.2000E-01  1.4877E-01  1.2057E-01  4.9582E-02  0.0000E+00 -2.1384E-02
  7.3000E-01  1.4856E-01  1.2044E-01  4.9073E-02  0.0000E+00 -2.0955E-02
  7.4000E-01  1.4816E-01  1.2038E-01  4.8523E-02  0.0000E+00 -2.0748E-02
  7.5000E-01  1.4791E-01  1.2021E-01  4.8070E-02  0.0000E+00 -2.0370E-02
  7.6000E-01  1.4748E-01  1.2015E-01  4.7547E-02  0.0000E+00 -2.0211E-02
  7.7000E-01  1.4723E-01  1.1999E-01  4.7067E-02  0.0000E+00 -1.9827E-02
  7.8000E-01  1.4676E-01  1.1994E-01  4.6505E-02  0.0000E+00 -1.9677E-02
  7.9000E-01  1.4651E-01  1.1980E-01  4.6020E-02  0.0000E+00 -1.9305E-02
  8.0000E-01  1.4602E-01  1.1974E-01  4.5438E-02  0.0000E+00 -1.9156E-02
  8.1000E-01  1.4579E-01  1.1960E-01  4.5011E-02  0.0000E+00 -1.8824E-02
  8.2000E-01  1.4524E-01  1.1951E-01  4.4447E-02  0.0000E+00 -1.8723E-02
  8.3000E-01  1.4499E-01  1.1934E-01  4.4131E-02  0.0000E+00 -1.8489E-02
  8.4000E-01  1.4435E-01  1.1920E-01  4.3612E-02  0.0000E+00 -1.8466E-02
  8.5000E-01  1.4407E-01  1.1902E-01  4.3343E-02  0.0000E+00 -1.8295E-02
  8.6000E-01  1.4342E-01  1.1891E-01  4.2704E-02  0.0000E+00 -1.8197E-02
  8.7000E-01  1.4325E-01  1.1885E-01  4.2264E-02  0.0000E+00 -1.7864E-02
  8.8000E-01  1.4263E-01  1.1884E-01  4.1361E-02  0.0000E+00 -1.7572E-02
  8.9000E-01  1.4251E-01  1.1884E-01  4.0883E-02  0.0000E+00 -1.7210E-02
  9.0000E-01  1.4171E-01  1.1868E-01  4.0262E-02  0.0000E+00 -1.7227E-02
  9.1000E-01  1.4123E-01  1.1832E-01  4.0502E-02  0.0000E+00 -1.7596E-02
  9.2000E-01  1.4007E-01  1.1781E-01  4.0489E-02  0.0000E+00 -1.8228E-02
  9.3000E-01  1.3950E-01  1.1731E-01  4.1072E-02  0.0000E+00 -1.8886E-02
  9.4000E-01  1.3862E-01  1.1707E-01  4.0268E-02  0.0000E+00 -1.8718E-02
  9.5000E-01  1.3961E-01  1.1759E-01  3.8907E-02  0.0000E+00 -1.6884E-02
  9.6000E-01  1.3980E-01  1.1820E-01  3.6452E-02  0.0000E+00 -1.4846E-02
  9.7000E-01  1.4078E-01  1.1914E-01  3.4201E-02  0.0000E+00 -1.2556E-02
  9.8000E-01  1.4073E-01  1.1987E-01  3.1865E-02  0.0000E+00 -1.1006E-02
  9.9000E-01  1.3995E-01  1.1975E-01  3.1711E-02  0.0000E+00 -1.1510E-02
