      S          PHI         IOTA        SHEAR        VP         WELL        ITOR       ITOR'       PRES       PRES'
------------------------------------------------------------------------------------------------------------------------
  1.0000E-02  1.5708E-05  4.2048E-01 -5.8405E-02  1.3158E+00 -3.2552E-02 -4.1512E-19 -2.7294E-14  0.0000E+00  0.0000E+00
  2.0000E-02  3.1416E-05  4.2049E-01  2.3009E-01  1.3158E+00 -3.2753E-02 -1.0777E-18 -3.6821E-14  0.0000E+00  0.0000E+00
  3.0000E-02  4.7124E-05  4.2049E-01  1.7001E-01  1.3158E+00 -3.2929E-02 -6.7058E-19  7.6218E-14  0.0000E+00  0.0000E+00
  4.0000E-02  6.2832E-05  4.2049E-01  2.1420E-01  1.3158E+00 -3.2935E-02 -4.1991E-18 -4.1765E-13  0.0000E+00  0.0000E+00
  5.0000E-02  7.8540E-05  4.2050E-01  2.0249E-01  1.3158E+00 -3.2850E-02 -7.9246E-18  5.7163E-14  0.0000E+00  0.0000E+00
  6.0000E-02  9.4248E-05  4.2050E-01  2.2281E-01  1.3158E+00 -3.2810E-02 -6.3226E-18  9.7847E-14  0.0000E+00  0.0000E+00
  7.0000E-02  1.0996E-04  4.2051E-01  2.2737E-01  1.3158E+00 -3.2843E-02 -6.4823E-18 -1.1330E-13  0.0000E+00  0.0000E+00
  8.0000E-02  1.2566E-04  4.2051E-01  1.8724E-01  1.3158E+00 -3.2878E-02 -6.8708E-18  7.5703E-14  0.0000E+00  0.0000E+00
  9.0000E-02  1.4137E-04  4.2052E-01  2.0655E-01  1.3158E+00 -3.2929E-02 -2.5865E-18  3.3886E-13  0.0000E+00  0.0000E+00
  1.0000E-01  1.5708E-04  4.2052E-01  1.7913E-01  1.3158E+00 -3.2897E-02 -1.2613E-18 -2.1063E-13  0.0000E+00  0.0000E+00
  1.1000E-01  1.7279E-04  4.2052E-01  2.4935E-01  1.3158E+00 -3.2937E-02 -4.2044E-19  2.9200E-13  0.0000E+00  0.0000E+00
  1.2000E-01  1.8850E-04  4.2053E-01  1.7365E-01  1.3158E+00 -3.2869E-02 -2.1288E-19 -2.7191E-13  0.0000E+00  0.0000E+00
  1.3000E-01  2.0420E-04  4.2053E-01  2.0514E-01  1.3158E+00 -3.2869E-02 -5.1997E-18 -2.1063E-13  0.0000E+00  0.0000E+00
  1.4000E-01  2.1991E-04  4.2054E-01  1.9979E-01  1.3158E+00 -3.2909E-02 -2.2885E-18  4.9232E-13  0.0000E+00  0.0000E+00
  1.5000E-01  2.3562E-04  4.2054E-01  2.2847E-01  1.3158E+00 -3.2869E-02  7.8075E-18  4.8460E-13  0.0000E+00  0.0000E+00
  1.6000E-01  2.5133E-04  4.2054E-01  1.5843E-01  1.3158E+00 -3.2976E-02  1.1921E-17 -8.6517E-14  0.0000E+00  0.0000E+00
  1.7000E-01  2.6704E-04  4.2055E-01  2.4070E-01  1.3158E+00 -3.2920E-02  1.7669E-18 -8.9607E-13  0.0000E+00  0.0000E+00
  1.8000E-01  2.8274E-04  4.2055E-01  1.7873E-01  1.3158E+00 -3.2973E-02 -4.6515E-18  2.7500E-13  0.0000E+00  0.0000E+00
  1.9000E-01  2.9845E-04  4.2056E-01  2.1096E-01  1.3158E+00 -3.2877E-02  4.2364E-18  5.8502E-13  0.0000E+00  0.0000E+00
  2.0000E-01  3.1416E-04  4.2056E-01  1.9743E-01  1.3158E+00 -3.2973E-02  4.7260E-18 -5.3764E-13  0.0000E+00  0.0000E+00
  2.1000E-01  3.2987E-04  4.2057E-01  2.0064E-01  1.3158E+00 -3.2841E-02 -1.5966E-19  6.4888E-14  0.0000E+00  0.0000E+00
  2.2000E-01  3.4558E-04  4.2057E-01  2.0103E-01  1.3158E+00 -3.2999E-02 -4.0128E-18 -4.3773E-13  0.0000E+00  0.0000E+00
  2.3000E-01  3.6128E-04  4.2057E-01  2.0059E-01  1.3158E+00 -3.2914E-02 -9.2710E-18 -7.1067E-14  0.0000E+00  0.0000E+00
  2.4000E-01  3.7699E-04  4.2058E-01  2.0186E-01  1.3158E+00 -3.3001E-02  1.3412E-18  1.0979E-12  0.0000E+00  0.0000E+00
  2.5000E-01  3.9270E-04  4.2058E-01  2.0035E-01  1.3158E+00 -3.2905E-02 -8.1747E-18 -2.0187E-12  0.0000E+00  0.0000E+00
  2.6000E-01  4.0841E-04  4.2059E-01  2.0159E-01  1.3158E+00 -3.2985E-02 -1.3742E-17  1.4801E-12  0.0000E+00  0.0000E+00
  2.7000E-01  4.2412E-04  4.2059E-01  1.9956E-01  1.3158E+00 -3.2868E-02 -6.3971E-18 -7.6938E-13  0.0000E+00  0.0000E+00
  2.8000E-01  4.3982E-04  4.2059E-01  2.0153E-01  1.3158E+00 -3.2973E-02 -2.1725E-17 -7.1376E-13  0.0000E+00  0.0000E+00
  2.9000E-01  4.5553E-04  4.2060E-01  2.0081E-01  1.3158E+00 -3.2935E-02 -2.3438E-17  5.4794E-13  0.0000E+00  0.0000E+00
  3.0000E-01  4.7124E-04  4.2060E-01  2.0255E-01  1.3158E+00 -3.2971E-02 -1.4402E-17  3.2650E-13  0.0000E+00  0.0000E+00
  3.1000E-01  4.8695E-04  4.2061E-01  2.0149E-01  1.3158E+00 -3.2942E-02 -6.1417E-18  4.7275E-13  0.0000E+00  0.0000E+00
  3.2000E-01  5.0265E-04  4.2061E-01  2.0224E-01  1.3158E+00 -3.2960E-02 -6.0778E-18 -4.6657E-13  0.0000E+00  0.0000E+00
  3.3000E-01  5.1836E-04  4.2062E-01  2.0075E-01  1.3158E+00 -3.2905E-02 -4.3322E-18  6.3548E-13  0.0000E+00  0.0000E+00
  3.4000E-01  5.3407E-04  4.2062E-01  2.0183E-01  1.3158E+00 -3.2934E-02  5.6520E-18  3.3062E-13  0.0000E+00  0.0000E+00
  3.5000E-01  5.4978E-04  4.2062E-01  2.0201E-01  1.3158E+00 -3.2944E-02  5.5137E-18 -3.4401E-13  0.0000E+00  0.0000E+00
  3.6000E-01  5.6549E-04  4.2063E-01  2.0281E-01  1.3158E+00 -3.2947E-02  6.1949E-18  4.0992E-13  0.0000E+00  0.0000E+00
  3.7000E-01  5.8119E-04  4.2063E-01  2.0281E-01  1.3158E+00 -3.2940E-02  1.4795E-18 -8.6619E-13  0.0000E+00  0.0000E+00
  3.8000E-01  5.9690E-04  4.2064E-01  2.0286E-01  1.3158E+00 -3.2937E-02  8.0683E-18  1.5037E-12  0.0000E+00  0.0000E+00
  3.9000E-01  6.1261E-04  4.2064E-01  2.0280E-01  1.3158E+00 -3.2924E-02  2.3225E-17 -3.7078E-14  0.0000E+00  0.0000E+00
  4.0000E-01  6.2832E-04  4.2064E-01  2.0227E-01  1.3158E+00 -3.2911E-02 -2.1288E-20 -2.2123E-12  0.0000E+00  0.0000E+00
  4.1000E-01  6.4403E-04  4.2065E-01  2.0337E-01  1.3158E+00 -3.2936E-02 -8.6643E-18  1.3760E-12  0.0000E+00  0.0000E+00
  4.2000E-01  6.5973E-04  4.2065E-01  2.0296E-01  1.3158E+00 -3.2917E-02  6.9187E-18  1.3183E-13  0.0000E+00  0.0000E+00
  4.3000E-01  6.7544E-04  4.2066E-01  2.0433E-01  1.3158E+00 -3.2933E-02  1.0516E-17  2.1629E-13  0.0000E+00  0.0000E+00
  4.4000E-01  6.9115E-04  4.2066E-01  2.0322E-01  1.3158E+00 -3.2913E-02  4.3534E-18 -8.1263E-13  0.0000E+00  0.0000E+00
  4.5000E-01  7.0686E-04  4.2067E-01  2.0461E-01  1.3158E+00 -3.2930E-02 -2.7888E-18  1.2153E-13  0.0000E+00  0.0000E+00
  4.6000E-01  7.2257E-04  4.2067E-01  2.0269E-01  1.3158E+00 -3.2890E-02  1.0836E-17  1.1968E-12  0.0000E+00  0.0000E+00
  4.7000E-01  7.3827E-04  4.2067E-01  2.0506E-01  1.3158E+00 -3.2933E-02  1.1804E-17 -1.1031E-12  0.0000E+00  0.0000E+00
  4.8000E-01  7.5398E-04  4.2068E-01  2.0297E-01  1.3158E+00 -3.2884E-02 -8.0895E-19 -1.1741E-13  0.0000E+00  0.0000E+00
  4.9000E-01  7.6969E-04  4.2068E-01  2.0567E-01  1.3158E+00 -3.2929E-02 -2.2342E-17 -1.9662E-12  0.0000E+00  0.0000E+00
  5.0000E-01  7.8540E-04  4.2069E-01  2.0357E-01  1.3158E+00 -3.2885E-02 -1.8201E-17  2.3668E-12  0.0000E+00  0.0000E+00
  5.1000E-01  8.0111E-04  4.2069E-01  2.0606E-01  1.3158E+00 -3.2923E-02 -6.2375E-18 -1.2092E-12  0.0000E+00  0.0000E+00
  5.2000E-01  8.1681E-04  4.2070E-01  2.0361E-01  1.3158E+00 -3.2875E-02 -2.2278E-17 -3.4297E-13  0.0000E+00  0.0000E+00
  5.3000E-01  8.3252E-04  4.2070E-01  2.0593E-01  1.3158E+00 -3.2921E-02 -2.5567E-17  2.4719E-14  0.0000E+00  0.0000E+00
  5.4000E-01  8.4823E-04  4.2070E-01  2.0381E-01  1.3158E+00 -3.2872E-02 -2.5312E-17  0.0000E+00  0.0000E+00  0.0000E+00
  5.5000E-01  8.6394E-04  4.2071E-01  2.0598E-01  1.3158E+00 -3.2909E-02 -1.5711E-17  9.2901E-13  0.0000E+00  0.0000E+00
  5.6000E-01  8.7965E-04  4.2071E-01  2.0483E-01  1.3158E+00 -3.2879E-02  2.3715E-17  2.8859E-12  0.0000E+00  0.0000E+00
  5.7000E-01  8.9535E-04  4.2072E-01  2.0623E-01  1.3158E+00 -3.2898E-02  1.2486E-17 -3.9725E-12  0.0000E+00  0.0000E+00
  5.8000E-01  9.1106E-04  4.2072E-01  2.0520E-01  1.3158E+00 -3.2876E-02 -1.3710E-17  1.4378E-12  0.0000E+00  0.0000E+00
  5.9000E-01  9.2677E-04  4.2072E-01  2.0606E-01  1.3158E+00 -3.2897E-02  9.8990E-18  8.4662E-13  0.0000E+00  0.0000E+00
  6.0000E-01  9.4248E-04  4.2073E-01  2.0526E-01  1.3158E+00 -3.2878E-02 -1.8095E-18 -1.9796E-12  0.0000E+00  0.0000E+00
  6.1000E-01  9.5819E-04  4.2073E-01  2.0585E-01  1.3158E+00 -3.2886E-02  4.2577E-18  2.5666E-12  0.0000E+00  0.0000E+00
  6.2000E-01  9.7389E-04  4.2074E-01  2.0603E-01  1.3159E+00 -3.2881E-02  4.0873E-18 -2.5831E-12  0.0000E+00  0.0000E+00
  6.3000E-01  9.8960E-04  4.2074E-01  2.0630E-01  1.3159E+00 -3.2873E-02 -1.1432E-17  1.0814E-12  0.0000E+00  0.0000E+00
  6.4000E-01  1.0053E-03  4.2075E-01  2.0661E-01  1.3159E+00 -3.2877E-02 -9.3775E-18 -8.8266E-13  0.0000E+00  0.0000E+00
  6.5000E-01  1.0210E-03  4.2075E-01  2.0623E-01  1.3159E+00 -3.2875E-02  3.7254E-19  1.8261E-12  0.0000E+00  0.0000E+00
  6.6000E-01  1.0367E-03  4.2075E-01  2.0661E-01  1.3159E+00 -3.2891E-02  1.8947E-18 -1.6788E-12  0.0000E+00  0.0000E+00
  6.7000E-01  1.0524E-03  4.2076E-01  2.0574E-01  1.3159E+00 -3.2869E-02 -3.8532E-18  1.1226E-12  0.0000E+00  0.0000E+00
  6.8000E-01  1.0681E-03  4.2076E-01  2.0720E-01  1.3159E+00 -3.2896E-02  2.0437E-18 -5.5205E-13  0.0000E+00  0.0000E+00
  6.9000E-01  1.0838E-03  4.2077E-01  2.0632E-01  1.3159E+00 -3.2858E-02  5.8117E-18  9.1665E-13  0.0000E+00  0.0000E+00
  7.0000E-01  1.0996E-03  4.2077E-01  2.0781E-01  1.3159E+00 -3.2885E-02  1.7073E-17  1.7303E-13  0.0000E+00  0.0000E+00
  7.1000E-01  1.1153E-03  4.2078E-01  2.0627E-01  1.3159E+00 -3.2855E-02  2.6397E-17  7.2920E-13  0.0000E+00  0.0000E+00
  7.2000E-01  1.1310E-03  4.2078E-01  2.0805E-01  1.3159E+00 -3.2905E-02  1.2773E-17 -2.0475E-12  0.0000E+00  0.0000E+00
  7.3000E-01  1.1467E-03  4.2078E-01  2.0585E-01  1.3159E+00 -3.2859E-02 -1.5115E-18  6.6534E-13  0.0000E+00  0.0000E+00
  7.4000E-01  1.1624E-03  4.2079E-01  2.0832E-01  1.3159E+00 -3.2916E-02 -1.0176E-17 -1.5037E-12  0.0000E+00  0.0000E+00
  7.5000E-01  1.1781E-03  4.2079E-01  2.0638E-01  1.3159E+00 -3.2855E-02 -1.9819E-17  5.7059E-13  0.0000E+00  0.0000E+00
  7.6000E-01  1.1938E-03  4.2080E-01  2.0869E-01  1.3159E+00 -3.2900E-02 -3.1060E-17 -1.6582E-12  0.0000E+00  0.0000E+00
  7.7000E-01  1.2095E-03  4.2080E-01  2.0681E-01  1.3159E+00 -3.2856E-02 -7.3019E-18  3.9570E-12  0.0000E+00  0.0000E+00
  7.8000E-01  1.2252E-03  4.2081E-01  2.0875E-01  1.3159E+00 -3.2910E-02  9.6649E-18 -2.3153E-12  0.0000E+00  0.0000E+00
  7.9000E-01  1.2409E-03  4.2081E-01  2.0690E-01  1.3159E+00 -3.2881E-02  6.5994E-19  1.4440E-12  0.0000E+00  0.0000E+00
  8.0000E-01  1.2566E-03  4.2081E-01  2.0860E-01  1.3159E+00 -3.2927E-02 -2.6610E-18 -1.7653E-12  0.0000E+00  0.0000E+00
  8.1000E-01  1.2723E-03  4.2082E-01  2.0749E-01  1.3159E+00 -3.2894E-02 -1.6009E-17  4.7377E-13  0.0000E+00  0.0000E+00
  8.2000E-01  1.2881E-03  4.2082E-01  2.0872E-01  1.3159E+00 -3.2912E-02 -4.0022E-18  6.8800E-13  0.0000E+00  0.0000E+00
  8.3000E-01  1.3038E-03  4.2083E-01  2.0816E-01  1.3159E+00 -3.2894E-02 -2.5014E-17 -2.7211E-12  0.0000E+00  0.0000E+00
  8.4000E-01  1.3195E-03  4.2083E-01  2.0900E-01  1.3159E+00 -3.2911E-02 -2.9740E-17  2.2638E-12  0.0000E+00  0.0000E+00
  8.5000E-01  1.3352E-03  4.2084E-01  2.0873E-01  1.3159E+00 -3.2917E-02  2.8952E-18  8.9398E-13  0.0000E+00  0.0000E+00
  8.6000E-01  1.3509E-03  4.2084E-01  2.0918E-01  1.3159E+00 -3.2943E-02  2.0650E-18 -9.7432E-13  0.0000E+00  0.0000E+00
  8.7000E-01  1.3666E-03  4.2084E-01  2.0922E-01  1.3159E+00 -3.2953E-02 -2.0181E-17 -1.1782E-12  0.0000E+00  0.0000E+00
  8.8000E-01  1.3823E-03  4.2085E-01  2.0932E-01  1.3159E+00 -3.2953E-02 -2.4077E-17  8.0129E-13  0.0000E+00  0.0000E+00
  8.9000E-01  1.3980E-03  4.2085E-01  2.0966E-01  1.3159E+00 -3.2955E-02 -9.4094E-18  6.1796E-13  0.0000E+00  0.0000E+00
  9.0000E-01  1.4137E-03  4.2086E-01  2.0946E-01  1.3159E+00 -3.2939E-02 -4.1086E-18 -1.0505E-13  0.0000E+00  0.0000E+00
  9.1000E-01  1.4294E-03  4.2086E-01  2.1033E-01  1.3159E+00 -3.2958E-02 -1.7073E-17 -1.1494E-12  0.0000E+00  0.0000E+00
  9.2000E-01  1.4451E-03  4.2087E-01  2.1034E-01  1.3159E+00 -3.2970E-02 -3.6978E-17 -7.7657E-13  0.0000E+00  0.0000E+00
  9.3000E-01  1.4608E-03  4.2087E-01  2.1148E-01  1.3159E+00 -3.3010E-02 -9.5371E-18  3.4317E-12  0.0000E+00  0.0000E+00
  9.4000E-01  1.4765E-03  4.2088E-01  2.1109E-01  1.3159E+00 -3.3028E-02  2.4780E-17 -1.1123E-13  0.0000E+00  0.0000E+00
  9.5000E-01  1.4923E-03  4.2088E-01  2.1158E-01  1.3159E+00 -3.3030E-02  2.2140E-17 -1.4419E-13  0.0000E+00  0.0000E+00
  9.6000E-01  1.5080E-03  4.2088E-01  2.1039E-01  1.3159E+00 -3.3041E-02  6.6206E-18 -1.3574E-12  0.0000E+00  0.0000E+00
  9.7000E-01  1.5237E-03  4.2089E-01  2.1068E-01  1.3159E+00 -3.3071E-02 -2.5014E-17 -1.7035E-12  0.0000E+00  0.0000E+00
  9.8000E-01  1.5394E-03  4.2089E-01  2.1027E-01  1.3159E+00 -3.3098E-02 -3.6722E-17  5.7058E-13  0.0000E+00  0.0000E+00
  9.9000E-01  1.5551E-03  4.2090E-01  2.1007E-01  1.3159E+00 -3.3158E-02 -4.3705E-17 -1.2462E-12  0.0000E+00  0.0000E+00

      S        DMerc        DShear       DCurr       DWell       Dgeod
----------------------------------------------------------------------------------------------------
  1.0000E-02 -3.4451E+11  1.4765E-03  5.5014E+01  0.0000E+00 -3.4451E+11
  2.0000E-02 -1.8340E+09  2.2916E-02 -2.2589E+01  0.0000E+00 -1.8340E+09
  3.0000E-02 -1.0063E+08  1.2510E-02 -4.6985E+00  0.0000E+00 -1.0063E+08
  4.0000E-02 -1.3113E+07  1.9860E-02 -2.3833E+00  0.0000E+00 -1.3113E+07
  5.0000E-02 -2.7122E+06  1.7748E-02 -1.0719E+00  0.0000E+00 -2.7122E+06
  6.0000E-02 -7.4847E+05  2.1489E-02 -6.1516E-01  0.0000E+00 -7.4847E+05
  7.0000E-02 -2.5154E+05  2.2376E-02 -3.3755E-01  0.0000E+00 -2.5154E+05
  8.0000E-02 -9.7511E+04  1.5175E-02 -1.2506E-01  0.0000E+00 -9.7511E+04
  9.0000E-02 -4.2107E+04  1.8467E-02 -5.3018E-02  0.0000E+00 -4.2107E+04
  1.0000E-01 -1.9774E+04  1.3889E-02  1.7926E-02  0.0000E+00 -1.9774E+04
  1.1000E-01 -9.9290E+03  2.6913E-02  4.2411E-02  0.0000E+00 -9.9291E+03
  1.2000E-01 -5.2626E+03  1.3052E-02  7.6998E-02  0.0000E+00 -5.2627E+03
  1.3000E-01 -2.9165E+03  1.8215E-02  9.8310E-02  0.0000E+00 -2.9166E+03
  1.4000E-01 -1.6764E+03  1.7278E-02  1.1334E-01  0.0000E+00 -1.6766E+03
  1.5000E-01 -9.9433E+02  2.2594E-02  1.2926E-01  0.0000E+00 -9.9448E+02
  1.6000E-01 -6.0496E+02  1.0865E-02  1.1636E-01  0.0000E+00 -6.0508E+02
  1.7000E-01 -3.7663E+02  2.5078E-02  1.4892E-01  0.0000E+00 -3.7681E+02
  1.8000E-01 -2.3875E+02  1.3828E-02  1.3573E-01  0.0000E+00 -2.3890E+02
  1.9000E-01 -1.5402E+02  1.9263E-02  1.5126E-01  0.0000E+00 -1.5419E+02
  2.0000E-01 -1.0073E+02  1.6872E-02  1.5110E-01  0.0000E+00 -1.0090E+02
  2.1000E-01 -6.6958E+01  1.7425E-02  1.5378E-01  0.0000E+00 -6.7129E+01
  2.2000E-01 -4.5117E+01  1.7492E-02  1.5787E-01  0.0000E+00 -4.5292E+01
  2.3000E-01 -3.0983E+01  1.7417E-02  1.5838E-01  0.0000E+00 -3.1159E+01
  2.4000E-01 -2.1700E+01  1.7637E-02  1.6200E-01  0.0000E+00 -2.1879E+01
  2.5000E-01 -1.5628E+01  1.7376E-02  1.6142E-01  0.0000E+00 -1.5807E+01
  2.6000E-01 -1.1605E+01  1.7590E-02  1.6453E-01  0.0000E+00 -1.1788E+01
  2.7000E-01 -8.9844E+00  1.7238E-02  1.6322E-01  0.0000E+00 -9.1649E+00
  2.8000E-01 -7.2557E+00  1.7581E-02  1.6654E-01  0.0000E+00 -7.4398E+00
  2.9000E-01 -6.1513E+00  1.7455E-02  1.6592E-01  0.0000E+00 -6.3347E+00
  3.0000E-01 -5.4559E+00  1.7759E-02  1.6868E-01  0.0000E+00 -5.6424E+00
  3.1000E-01 -5.0257E+00  1.7573E-02  1.6771E-01  0.0000E+00 -5.2110E+00
  3.2000E-01 -4.7748E+00  1.7704E-02  1.6970E-01  0.0000E+00 -4.9622E+00
  3.3000E-01 -4.6350E+00  1.7445E-02  1.6824E-01  0.0000E+00 -4.8207E+00
  3.4000E-01 -4.5784E+00  1.7633E-02  1.7036E-01  0.0000E+00 -4.7663E+00
  3.5000E-01 -4.5649E+00  1.7664E-02  1.7003E-01  0.0000E+00 -4.7526E+00
  3.6000E-01 -4.5902E+00  1.7804E-02  1.7180E-01  0.0000E+00 -4.7798E+00
  3.7000E-01 -4.6158E+00  1.7803E-02  1.7122E-01  0.0000E+00 -4.8048E+00
  3.8000E-01 -4.6519E+00  1.7812E-02  1.7245E-01  0.0000E+00 -4.8421E+00
  3.9000E-01 -4.6766E+00  1.7802E-02  1.7174E-01  0.0000E+00 -4.8661E+00
  4.0000E-01 -4.7095E+00  1.7709E-02  1.7255E-01  0.0000E+00 -4.8997E+00
  4.1000E-01 -4.7324E+00  1.7904E-02  1.7267E-01  0.0000E+00 -4.9230E+00
  4.2000E-01 -4.7606E+00  1.7830E-02  1.7348E-01  0.0000E+00 -4.9519E+00
  4.3000E-01 -4.7714E+00  1.8072E-02  1.7368E-01  0.0000E+00 -4.9631E+00
  4.4000E-01 -4.7793E+00  1.7876E-02  1.7404E-01  0.0000E+00 -4.9712E+00
  4.5000E-01 -4.7695E+00  1.8123E-02  1.7420E-01  0.0000E+00 -4.9618E+00
  4.6000E-01 -4.7596E+00  1.7784E-02  1.7396E-01  0.0000E+00 -4.9514E+00
  4.7000E-01 -4.7417E+00  1.8202E-02  1.7481E-01  0.0000E+00 -4.9347E+00
  4.8000E-01 -4.7266E+00  1.7833E-02  1.7445E-01  0.0000E+00 -4.9189E+00
  4.9000E-01 -4.7032E+00  1.8311E-02  1.7547E-01  0.0000E+00 -4.8969E+00
  5.0000E-01 -4.6785E+00  1.7937E-02  1.7514E-01  0.0000E+00 -4.8716E+00
  5.1000E-01 -4.6420E+00  1.8379E-02  1.7595E-01  0.0000E+00 -4.8363E+00
  5.2000E-01 -4.6032E+00  1.7946E-02  1.7532E-01  0.0000E+00 -4.7965E+00
  5.3000E-01 -4.5592E+00  1.8356E-02  1.7612E-01  0.0000E+00 -4.7536E+00
  5.4000E-01 -4.5183E+00  1.7981E-02  1.7561E-01  0.0000E+00 -4.7119E+00
  5.5000E-01 -4.4771E+00  1.8366E-02  1.7636E-01  0.0000E+00 -4.6719E+00
  5.6000E-01 -4.4396E+00  1.8161E-02  1.7651E-01  0.0000E+00 -4.6343E+00
  5.7000E-01 -4.3925E+00  1.8409E-02  1.7673E-01  0.0000E+00 -4.5876E+00
  5.8000E-01 -4.3434E+00  1.8226E-02  1.7687E-01  0.0000E+00 -4.5385E+00
  5.9000E-01 -4.2863E+00  1.8380E-02  1.7682E-01  0.0000E+00 -4.4815E+00
  6.0000E-01 -4.2331E+00  1.8237E-02  1.7698E-01  0.0000E+00 -4.4283E+00
  6.1000E-01 -4.1824E+00  1.8343E-02  1.7682E-01  0.0000E+00 -4.3775E+00
  6.2000E-01 -4.1425E+00  1.8375E-02  1.7770E-01  0.0000E+00 -4.3386E+00
  6.3000E-01 -4.0953E+00  1.8423E-02  1.7733E-01  0.0000E+00 -4.2911E+00
  6.4000E-01 -4.0472E+00  1.8479E-02  1.7818E-01  0.0000E+00 -4.2439E+00
  6.5000E-01 -3.9870E+00  1.8409E-02  1.7746E-01  0.0000E+00 -4.1829E+00
  6.6000E-01 -3.9287E+00  1.8477E-02  1.7823E-01  0.0000E+00 -4.1254E+00
  6.7000E-01 -3.8718E+00  1.8322E-02  1.7720E-01  0.0000E+00 -4.0673E+00
  6.8000E-01 -3.8349E+00  1.8584E-02  1.7879E-01  0.0000E+00 -4.0322E+00
  6.9000E-01 -3.7924E+00  1.8426E-02  1.7784E-01  0.0000E+00 -3.9886E+00
  7.0000E-01 -3.7505E+00  1.8693E-02  1.7925E-01  0.0000E+00 -3.9485E+00
  7.1000E-01 -3.6951E+00  1.8418E-02  1.7796E-01  0.0000E+00 -3.8915E+00
  7.2000E-01 -3.6419E+00  1.8737E-02  1.7950E-01  0.0000E+00 -3.8401E+00
  7.3000E-01 -3.5824E+00  1.8343E-02  1.7773E-01  0.0000E+00 -3.7784E+00
  7.4000E-01 -3.5448E+00  1.8786E-02  1.7981E-01  0.0000E+00 -3.7434E+00
  7.5000E-01 -3.5017E+00  1.8436E-02  1.7826E-01  0.0000E+00 -3.6984E+00
  7.6000E-01 -3.4682E+00  1.8852E-02  1.8014E-01  0.0000E+00 -3.6672E+00
  7.7000E-01 -3.4212E+00  1.8515E-02  1.7870E-01  0.0000E+00 -3.6184E+00
  7.8000E-01 -3.3750E+00  1.8864E-02  1.8029E-01  0.0000E+00 -3.5741E+00
  7.9000E-01 -3.3194E+00  1.8530E-02  1.7878E-01  0.0000E+00 -3.5167E+00
  8.0000E-01 -3.2802E+00  1.8836E-02  1.8032E-01  0.0000E+00 -3.4794E+00
  8.1000E-01 -3.2404E+00  1.8636E-02  1.7929E-01  0.0000E+00 -3.4384E+00
  8.2000E-01 -3.2105E+00  1.8858E-02  1.8049E-01  0.0000E+00 -3.4099E+00
  8.3000E-01 -3.1754E+00  1.8757E-02  1.7985E-01  0.0000E+00 -3.3741E+00
  8.4000E-01 -3.1374E+00  1.8909E-02  1.8076E-01  0.0000E+00 -3.3371E+00
  8.5000E-01 -3.0900E+00  1.8859E-02  1.8025E-01  0.0000E+00 -3.2891E+00
  8.6000E-01 -3.0470E+00  1.8941E-02  1.8091E-01  0.0000E+00 -3.2469E+00
  8.7000E-01 -3.0083E+00  1.8948E-02  1.8065E-01  0.0000E+00 -3.2079E+00
  8.8000E-01 -2.9811E+00  1.8966E-02  1.8105E-01  0.0000E+00 -3.1811E+00
  8.9000E-01 -2.9633E+00  1.9028E-02  1.8109E-01  0.0000E+00 -3.1634E+00
  9.0000E-01 -2.9431E+00  1.8993E-02  1.8123E-01  0.0000E+00 -3.1433E+00
  9.1000E-01 -2.9156E+00  1.9149E-02  1.8155E-01  0.0000E+00 -3.1163E+00
  9.2000E-01 -2.8786E+00  1.9152E-02  1.8175E-01  0.0000E+00 -3.0795E+00
  9.3000E-01 -2.8462E+00  1.9359E-02  1.8221E-01  0.0000E+00 -3.0478E+00
  9.4000E-01 -2.8210E+00  1.9288E-02  1.8226E-01  0.0000E+00 -3.0225E+00
  9.5000E-01 -2.8130E+00  1.9378E-02  1.8240E-01  0.0000E+00 -3.0148E+00
  9.6000E-01 -2.8076E+00  1.9162E-02  1.8196E-01  0.0000E+00 -3.0087E+00
  9.7000E-01 -2.8069E+00  1.9214E-02  1.8209E-01  0.0000E+00 -3.0082E+00
  9.8000E-01 -2.7951E+00  1.9139E-02  1.8195E-01  0.0000E+00 -2.9962E+00
  9.9000E-01 -2.8054E+00  1.9102E-02  1.8188E-01  0.0000E+00 -3.0063E+00
